material_id	cluster	if_kagome	if_good_ele
2dm-5358	2	0	0
2dm-121	2	0	0
2dm-4056	2	0	0
2dm-5713	2	1	0
2dm-111	2	0	0
2dm-2089	2	0	0
2dm-2866	2	0	0
2dm-1607	2	0	0
2dm-5488	3	0	0
2dm-1101	2	0	0
2dm-5679	2	0	0
2dm-3564	3	0	0
2dm-1419	2	0	0
2dm-1884	3	1	0
2dm-180	2	0	0
2dm-3935	2	0	0
2dm-4530	0	0	0
2dm-807	2	0	0
2dm-1509	2	0	0
2dm-1895	2	0	0
2dm-714	2	0	0
2dm-138	2	0	0
2dm-1968	2	0	0
2dm-2006	2	0	0
2dm-2635	2	0	0
2dm-1209	2	0	0
2dm-5205	2	0	0
2dm-3239	3	0	0
2dm-3857	2	1	0
2dm-5668	2	0	0
2dm-1247	2	0	0
2dm-1750	2	0	0
2dm-5172	2	0	0
2dm-4389	3	0	0
2dm-4513	2	0	0
2dm-2384	3	0	0
2dm-3347	3	0	0
2dm-3048	2	0	0
2dm-1754	2	0	0
2dm-5400	3	0	0
2dm-5591	2	0	0
2dm-3761	3	0	0
2dm-1520	2	0	0
2dm-3258	3	0	0
2dm-1450	2	0	0
2dm-534	3	0	0
2dm-5325	3	0	0
2dm-4833	3	0	0
2dm-3675	2	0	0
2dm-1984	2	0	0
2dm-1476	2	0	0
2dm-4223	3	1	0
2dm-5068	2	0	0
2dm-4886	3	1	0
2dm-4486	2	0	0
2dm-31	2	0	0
2dm-6396	5	0	0
2dm-4620	2	0	0
2dm-4773	2	0	0
2dm-2882	2	0	0
2dm-5645	2	0	0
2dm-3411	2	0	0
2dm-1939	2	0	0
2dm-5194	2	1	1
2dm-4619	2	0	0
2dm-1156	3	0	0
2dm-5148	2	0	0
2dm-628	2	0	0
2dm-5655	2	0	0
2dm-5580	0	0	0
2dm-3995	2	0	0
2dm-5844	3	0	0
2dm-4233	2	1	0
2dm-5163	2	0	0
2dm-2477	2	0	0
2dm-5436	3	0	0
2dm-1031	2	0	0
2dm-5819	3	0	0
2dm-4302	3	0	0
2dm-1999	2	0	0
2dm-3452	2	0	0
2dm-4368	3	1	0
2dm-5042	3	0	0
2dm-4938	2	0	0
2dm-691	2	0	0
2dm-3334	3	0	0
2dm-1814	2	0	0
2dm-4358	2	0	0
2dm-4359	2	0	0
2dm-5664	2	1	0
2dm-3624	3	0	0
2dm-3713	3	0	0
2dm-1888	2	0	0
2dm-614	3	0	0
2dm-4403	3	0	0
2dm-1089	3	0	0
2dm-218	2	0	0
2dm-4291	3	0	0
2dm-419	2	0	0
2dm-5235	2	0	0
2dm-5012	3	0	0
2dm-1063	3	0	0
2dm-361	3	0	0
2dm-3423	2	0	0
2dm-5425	2	0	0
2dm-5837	2	0	0
2dm-3488	3	0	0
2dm-1751	2	1	0
2dm-5678	3	0	0
2dm-4540	2	0	0
2dm-1317	2	0	0
2dm-3676	3	0	0
2dm-3652	3	0	0
2dm-5295	2	0	0
2dm-5433	2	0	0
2dm-3988	2	0	0
2dm-4249	3	0	0
2dm-4254	3	0	0
2dm-3219	3	1	0
2dm-519	2	0	0
2dm-2673	2	0	0
2dm-2555	3	0	0
2dm-4538	2	0	0
2dm-1574	2	0	0
2dm-5614	2	0	0
2dm-1425	2	0	0
2dm-5839	2	0	0
2dm-5489	3	0	0
2dm-1128	2	0	0
2dm-4916	3	0	0
2dm-54	3	0	0
2dm-4791	3	0	0
2dm-1244	5	0	0
2dm-5784	2	0	0
2dm-5479	3	0	0
2dm-4444	2	0	0
2dm-4437	3	0	0
2dm-3130	3	0	0
2dm-5426	2	0	0
2dm-4978	3	0	0
2dm-3640	2	0	0
2dm-485	2	0	0
2dm-5268	2	0	0
2dm-3637	2	0	0
2dm-1337	2	0	0
2dm-5149	2	0	0
2dm-4672	2	0	0
2dm-4418	3	0	0
2dm-2433	2	0	0
2dm-5417	3	0	0
2dm-3975	3	0	0
2dm-877	6	0	0
2dm-5428	3	0	0
2dm-2493	2	0	0
2dm-4679	2	0	0
2dm-3966	2	0	0
2dm-673	2	0	0
2dm-1559	2	0	0
2dm-263	2	0	0
2dm-390	2	0	0
2dm-4785	3	0	0
2dm-824	2	0	0
2dm-5079	2	0	0
2dm-5329	2	0	0
2dm-1837	3	0	0
2dm-1371	2	0	0
2dm-5354	6	0	0
2dm-3647	2	0	0
2dm-4454	3	0	0
2dm-5798	3	0	0
2dm-3825	3	0	0
2dm-5572	4	0	0
2dm-920	2	0	0
2dm-1471	2	0	0
2dm-2004	3	0	0
2dm-4775	2	0	0
2dm-1193	2	0	0
2dm-1041	2	0	0
2dm-3603	2	0	0
2dm-4584	3	0	0
2dm-2393	2	0	0
2dm-801	2	0	0
2dm-6450	3	0	0
2dm-3402	3	0	0
2dm-2769	2	0	0
2dm-5726	3	0	0
2dm-1720	3	0	0
2dm-4925	3	0	0
2dm-1556	2	0	0
2dm-5121	3	0	0
2dm-1976	2	0	0
2dm-1551	2	0	0
2dm-3808	3	1	0
2dm-3879	3	0	0
2dm-3919	3	1	0
2dm-4555	3	0	0
2dm-4782	3	0	0
2dm-1010	3	0	0
2dm-2103	2	0	0
2dm-5185	3	0	0
2dm-537	2	0	0
2dm-5408	3	0	0
2dm-1366	2	0	0
2dm-680	2	0	0
2dm-3662	3	0	0
2dm-2634	2	0	0
2dm-1915	2	0	0
2dm-5568	2	0	0
2dm-2829	2	0	0
2dm-1935	2	0	0
2dm-644	3	0	0
2dm-4471	2	0	0
2dm-4927	2	1	0
2dm-157	0	0	0
2dm-2884	2	0	0
2dm-1427	2	0	0
2dm-5265	3	0	0
2dm-5379	2	0	0
2dm-4851	3	0	0
2dm-4810	3	0	0
2dm-4336	2	0	0
2dm-1311	2	0	0
2dm-740	2	0	0
2dm-5723	2	0	0
2dm-2528	2	0	0
2dm-147	2	0	0
2dm-5049	2	0	0
2dm-1985	2	0	0
2dm-1746	2	0	0
2dm-222	2	0	0
2dm-3519	3	1	0
2dm-5642	3	0	0
2dm-5717	3	0	0
2dm-2618	2	0	0
2dm-5298	2	0	0
2dm-2772	2	0	0
2dm-1653	2	0	0
2dm-5048	3	0	0
2dm-2326	3	0	0
2dm-1979	2	0	0
2dm-4732	2	0	0
2dm-231	2	0	0
2dm-4935	3	0	0
2dm-517	2	0	0
2dm-5715	2	0	0
2dm-1045	2	1	1
2dm-3428	2	0	0
2dm-5187	3	0	0
2dm-5473	3	0	0
2dm-1848	2	0	0
2dm-3511	3	0	0
2dm-3766	2	0	0
2dm-1011	2	0	0
2dm-5460	3	0	0
2dm-5792	3	0	0
2dm-5097	3	1	0
2dm-155	2	0	0
2dm-1548	2	0	0
2dm-1753	2	0	0
2dm-5105	3	0	0
2dm-4074	3	0	0
2dm-4884	3	0	0
2dm-494	2	0	0
2dm-2008	2	0	0
2dm-5243	3	0	0
2dm-4326	3	0	0
2dm-955	2	0	0
2dm-1368	2	0	0
2dm-149	2	0	0
2dm-5706	3	0	0
2dm-5472	3	0	0
2dm-4835	3	0	0
2dm-3504	2	0	0
2dm-1381	2	0	0
2dm-4173	2	0	0
2dm-5774	3	0	0
2dm-3703	3	0	0
2dm-5646	3	0	0
2dm-2462	2	0	0
2dm-1485	2	0	0
2dm-5579	3	0	0
2dm-5828	2	0	0
2dm-5817	3	0	0
2dm-5703	2	0	0
2dm-5388	2	0	0
2dm-4514	2	0	0
2dm-4014	2	0	0
2dm-2938	2	0	0
2dm-1151	3	0	0
2dm-165	2	0	0
2dm-3913	3	0	0
2dm-3844	3	0	0
2dm-5827	3	1	0
2dm-5311	3	0	0
2dm-3697	2	0	0
2dm-2814	0	0	0
2dm-5072	3	1	0
2dm-5285	3	0	0
2dm-5272	3	0	0
2dm-1632	2	0	0
2dm-2675	2	0	0
2dm-1911	2	0	0
2dm-2578	2	0	0
2dm-5459	2	0	0
2dm-4341	2	0	0
2dm-1680	2	0	0
2dm-5843	2	0	0
2dm-433	2	0	0
2dm-3987	3	0	0
2dm-2491	2	0	0
2dm-5613	3	0	0
2dm-5768	3	0	0
2dm-4235	2	0	0
2dm-5787	2	0	0
2dm-1652	2	0	0
2dm-3768	2	0	0
2dm-4760	2	0	0
2dm-4310	3	0	0
2dm-5084	2	0	0
2dm-5494	2	0	0
2dm-4092	3	0	0
2dm-1617	2	0	0
2dm-4990	2	0	0
2dm-5520	2	0	0
2dm-3969	2	0	0
2dm-2553	2	0	0
2dm-4946	2	0	0
2dm-4159	3	0	0
2dm-5067	3	0	0
2dm-5458	3	0	0
2dm-3222	3	0	0
2dm-2520	2	0	0
2dm-1608	2	0	0
2dm-3618	2	0	0
2dm-229	2	0	0
2dm-5728	2	0	0
2dm-815	2	0	0
2dm-3718	2	0	0
2dm-4930	3	0	0
2dm-570	3	0	0
2dm-2044	2	0	0
2dm-3610	2	0	0
2dm-1799	2	0	0
2dm-3323	3	0	0
2dm-2426	6	0	0
2dm-131	2	0	0
2dm-3374	3	0	0
2dm-3976	3	0	0
2dm-5127	3	0	0
2dm-65	2	0	0
2dm-5030	2	0	0
2dm-5772	3	0	0
2dm-4969	3	0	0
2dm-1996	2	0	0
2dm-1081	2	0	0
2dm-4742	3	0	0
2dm-1308	5	0	0
2dm-4674	3	1	0
2dm-4206	3	0	0
2dm-4363	2	0	0
2dm-5742	3	0	0
2dm-5411	3	0	0
2dm-4526	3	0	0
2dm-3923	3	1	1
2dm-3868	2	0	0
2dm-5804	2	0	0
2dm-4560	3	0	0
2dm-4974	3	0	0
2dm-3440	3	0	0
2dm-4003	3	0	0
2dm-5519	2	0	0
2dm-3642	3	1	0
2dm-4507	3	0	0
2dm-1474	2	0	0
2dm-5278	3	0	0
2dm-4822	4	0	0
2dm-711	2	0	0
2dm-340	2	0	0
2dm-5446	2	0	0
2dm-5495	3	0	0
2dm-2831	3	0	0
2dm-3489	3	0	0
2dm-4169	2	0	0
2dm-3882	3	0	0
2dm-2662	2	0	0
2dm-5310	3	0	0
2dm-4562	3	0	0
2dm-969	2	0	0
2dm-3869	0	0	0
2dm-5789	3	0	0
2dm-3691	2	0	0
2dm-3721	3	0	0
2dm-5759	3	0	0
2dm-1248	2	0	0
2dm-2736	2	0	0
2dm-5260	2	0	0
2dm-3551	2	0	0
2dm-4873	2	0	0
2dm-301	2	0	0
2dm-2594	2	0	0
2dm-5397	3	0	0
2dm-257	3	0	0
2dm-3856	2	0	0
2dm-4217	2	1	0
2dm-641	2	0	0
2dm-5513	3	0	0
2dm-3898	2	0	0
2dm-5168	3	0	0
2dm-4789	3	0	0
2dm-5099	3	0	0
2dm-1809	2	0	0
2dm-4311	3	0	0
2dm-4112	3	0	0
2dm-4139	2	1	0
2dm-5348	2	1	1
2dm-5733	3	0	0
2dm-1453	2	0	0
2dm-5418	2	0	0
2dm-242	2	0	0
2dm-4086	3	0	0
2dm-4391	2	0	0
2dm-2909	3	0	0
2dm-1773	2	0	0
2dm-4215	3	0	0
2dm-4803	3	0	0
2dm-4435	3	1	1
2dm-5283	3	0	0
2dm-649	2	0	0
2dm-1132	2	0	0
2dm-4571	3	0	0
2dm-3933	3	0	0
2dm-1964	2	1	1
2dm-5481	3	0	0
2dm-4565	2	0	0
2dm-3877	2	0	0
2dm-2305	2	0	0
2dm-4613	3	0	0
2dm-5702	3	0	0
2dm-2797	2	0	0
2dm-5762	3	0	0
2dm-5771	3	0	0
2dm-4004	2	0	0
2dm-1374	3	0	0
2dm-1817	2	0	0
2dm-5657	3	0	0
2dm-5025	2	0	0
2dm-2912	2	0	0
2dm-5754	2	0	0
2dm-3579	3	0	0
2dm-802	2	0	0
2dm-925	2	0	0
2dm-3499	3	1	0
2dm-2647	2	0	0
2dm-3770	3	0	0
2dm-5505	2	0	0
2dm-5422	2	0	0
2dm-5031	3	0	0
2dm-5500	3	0	0
2dm-5157	3	1	0
2dm-457	2	0	0
2dm-5521	3	0	0
2dm-2781	3	0	0
2dm-1178	3	0	0
2dm-3660	1	0	0
2dm-3657	2	0	0
2dm-3301	3	1	0
2dm-4725	0	0	0
2dm-1699	2	0	0
2dm-62	2	0	0
2dm-2801	3	0	0
2dm-3709	2	0	0
2dm-1726	2	0	0
2dm-5046	2	0	0
2dm-312	2	0	0
2dm-1997	2	0	0
2dm-5683	3	0	0
2dm-1572	2	0	0
2dm-2036	3	0	0
2dm-1022	2	0	0
2dm-1122	2	0	0
2dm-4989	3	0	0
2dm-4750	3	1	0
2dm-5570	3	0	0
2dm-3586	3	0	0
2dm-5001	3	0	0
2dm-85	2	0	0
2dm-6453	5	0	0
2dm-4353	3	0	0
2dm-4604	2	0	0
2dm-1994	2	0	0
2dm-1066	6	0	0
2dm-5673	2	0	0
2dm-5203	3	1	1
2dm-3549	2	0	0
2dm-5009	3	0	0
2dm-2820	2	0	0
2dm-3680	3	0	0
2dm-4583	3	0	0
2dm-3580	2	0	0
2dm-5452	3	1	0
2dm-5334	3	0	0
2dm-470	2	0	0
2dm-4689	2	0	0
2dm-4848	3	0	0
2dm-3960	3	0	0
2dm-5089	2	0	0
2dm-398	2	0	0
2dm-2811	3	0	0
2dm-5234	3	0	0
2dm-2436	2	0	0
2dm-5576	3	0	0
2dm-3360	2	0	0
2dm-889	2	0	0
2dm-4677	3	0	0
2dm-1273	2	0	0
2dm-2428	2	0	0
2dm-1488	2	0	0
2dm-5173	3	0	0
2dm-5624	3	0	0
2dm-1394	2	0	0
2dm-4678	3	0	0
2dm-5341	2	0	0
2dm-4457	3	0	0
2dm-4505	3	0	0
2dm-3907	3	0	0
2dm-4157	2	0	0
2dm-244	2	0	0
2dm-3915	3	0	0
2dm-5611	2	0	0
2dm-5029	3	0	0
2dm-3813	3	1	0
2dm-406	2	0	0
2dm-1525	2	0	0
2dm-938	0	0	0
2dm-571	3	1	0
2dm-2505	2	0	0
2dm-3681	2	0	0
2dm-5240	3	0	0
2dm-5100	3	0	0
2dm-5461	2	0	0
2dm-2822	2	0	0
2dm-5814	2	0	0
2dm-4221	2	0	0
2dm-5000	2	0	0
2dm-1174	2	0	0
2dm-4637	3	0	0
2dm-5809	2	0	0
2dm-4129	2	0	0
2dm-5626	6	0	0
2dm-1950	2	0	0
2dm-1061	4	0	0
2dm-736	2	0	0
2dm-4059	3	0	0
2dm-3616	2	0	0
2dm-1644	2	0	0
2dm-1264	3	0	0
2dm-161	2	0	0
2dm-935	2	1	1
2dm-5594	3	0	0
2dm-2624	2	0	0
2dm-2827	4	0	0
2dm-4623	3	1	1
2dm-4890	3	0	0
2dm-5245	2	0	0
2dm-4663	3	0	0
2dm-4170	3	0	0
2dm-4541	3	0	0
2dm-5206	2	1	1
2dm-3500	2	0	0
2dm-183	2	0	0
2dm-5444	3	0	0
2dm-1461	2	0	0
2dm-3800	3	1	0
2dm-329	2	0	0
2dm-2470	2	0	0
2dm-4037	3	0	0
2dm-214	2	0	0
2dm-4381	2	0	0
2dm-32	2	0	0
2dm-3827	3	0	0
2dm-5135	3	0	0
2dm-4352	0	0	0
2dm-1650	2	0	0
2dm-1436	2	0	0
2dm-4521	3	0	0
2dm-836	3	0	0
2dm-1816	3	0	0
2dm-5506	2	0	0
2dm-3100	4	0	0
2dm-3403	2	0	0
2dm-4475	3	0	0
2dm-4867	3	0	0
2dm-25	2	0	0
2dm-5117	0	0	0
2dm-3394	3	0	0
2dm-418	0	0	0
2dm-3046	3	0	0
2dm-5355	3	0	0
2dm-1861	3	0	0
2dm-1819	2	0	0
2dm-3155	3	1	1
2dm-598	2	0	0
2dm-2151	2	0	0
2dm-904	1	0	0
2dm-1675	2	0	0
2dm-5107	3	0	0
2dm-5434	3	0	0
2dm-5403	2	0	0
2dm-3333	4	0	0
2dm-6386	2	0	0
2dm-4597	2	0	0
2dm-3862	2	0	0
2dm-803	2	0	0
2dm-1001	3	0	0
2dm-2726	2	0	0
2dm-3853	3	0	0
2dm-464	3	0	0
2dm-3124	3	0	0
2dm-5382	3	0	0
2dm-411	2	0	0
2dm-1204	2	0	0
2dm-1539	6	0	0
2dm-5171	3	0	0
2dm-3405	2	0	0
2dm-6447	3	0	0
2dm-1259	2	0	0
2dm-5777	3	0	0
2dm-386	3	0	0
2dm-4401	3	0	0
2dm-5263	3	0	0
2dm-5246	3	0	0
2dm-4575	2	0	0
2dm-2605	2	0	0
2dm-3765	2	1	1
2dm-5071	3	1	1
2dm-5736	3	0	0
2dm-3701	3	0	0
2dm-5346	3	0	0
2dm-4842	3	0	0
2dm-3458	2	0	0
2dm-3173	3	0	0
2dm-5556	3	0	0
2dm-5292	3	0	0
2dm-1529	2	0	0
2dm-968	2	1	1
2dm-2899	2	0	0
2dm-1692	2	0	0
2dm-3951	3	0	0
2dm-2268	3	1	0
2dm-325	2	0	0
2dm-4410	3	0	0
2dm-1251	2	0	0
2dm-3971	3	0	0
2dm-3058	2	0	0
2dm-1806	6	1	1
2dm-4125	3	0	0
2dm-5284	3	0	0
2dm-5609	3	0	0
2dm-5361	2	0	0
2dm-3558	2	0	0
2dm-2070	3	0	0
2dm-5290	2	1	0
2dm-5721	3	0	0
2dm-720	2	0	0
2dm-957	4	0	0
2dm-4081	0	0	0
2dm-1328	2	0	0
2dm-5693	3	0	0
2dm-847	2	0	0
2dm-744	2	0	0
2dm-2059	2	0	0
2dm-440	2	0	0
2dm-5036	3	0	0
2dm-4860	3	0	0
2dm-5407	2	0	0
2dm-2244	2	0	0
2dm-5055	3	0	0
2dm-4202	3	1	0
2dm-4836	3	0	0
2dm-1867	2	0	0
2dm-4793	2	0	0
2dm-2445	3	0	0
2dm-1367	2	0	0
2dm-1319	2	1	1
2dm-5738	3	0	0
2dm-5047	3	1	0
2dm-1238	2	1	1
2dm-3872	3	0	0
2dm-4316	2	0	0
2dm-2098	2	0	0
2dm-3307	3	0	0
2dm-3909	3	0	0
2dm-1158	3	0	0
2dm-2315	2	0	0
2dm-2939	5	0	0
2dm-5209	3	0	0
2dm-4117	3	0	0
2dm-4595	3	0	0
2dm-3204	3	0	0
2dm-5497	2	1	1
2dm-3886	3	0	0
2dm-1599	2	0	0
2dm-5786	2	0	0
2dm-5493	2	0	0
2dm-4436	2	0	0
2dm-2830	6	0	0
2dm-853	2	0	0
2dm-3066	3	0	0
2dm-4532	3	0	0
2dm-5332	3	0	0
2dm-3425	3	0	0
2dm-4484	3	0	0
2dm-880	2	0	0
2dm-3628	2	0	0
2dm-3065	3	0	0
2dm-3649	3	0	0
2dm-250	2	0	0
2dm-6404	3	0	0
2dm-5510	3	0	0
2dm-5507	2	0	0
2dm-5080	3	0	0
2dm-369	2	0	0
2dm-1899	2	0	0
2dm-308	3	0	0
2dm-4518	3	0	0
2dm-1849	2	0	0
2dm-324	2	0	0
2dm-2862	2	0	0
2dm-5575	3	0	0
2dm-5256	2	0	0
2dm-584	2	0	0
2dm-1446	2	0	0
2dm-4993	2	0	0
2dm-3483	2	0	0
2dm-3659	2	0	0
2dm-4771	3	0	0
2dm-4073	2	0	0
2dm-1262	2	0	0
2dm-1117	2	0	0
2dm-448	2	0	0
2dm-2859	3	1	0
2dm-2301	3	0	0
2dm-5470	2	1	1
2dm-1531	2	0	0
2dm-2328	2	0	0
2dm-5103	2	0	0
2dm-2441	2	0	0
2dm-4151	2	0	0